X=[1 2; 3 4; 5 6]

D=[9 8 7; 6 5 4; 3 2 1]

F=[X D]
%     1     2     9     8     7
%     3     4     6     5     4
%     5     6     3     2     1

F=[X,D]
% returns same matrix with above