A=[5:5:30; 30:5:55; 55:5:80];
A(2:3, 1:4)=zeros(2,4);
A(2:3, 5:6)=ones(2,2);
A