x=[5:2:15];
x(1)=10
% x=[10     7     9    11    13    15]

x(3:5)=[4 3 2] % or x(3:5)=[4:-1:2]
% x=[10     7     4     3     2    15] 
